header: 
  seq: 0
  stamp: 
    secs: 0
    nsecs:         0
  frame_id: ''
height: 1080
width: 1920
distortion_model: plumb_bob
D: [-0.34391729722569586, -0.2662092593213588, -0.0011051939521990826, -0.001467540439687377, 0.0]
K: [3954.350780522559, 0.0, 1003.7788593154949, 0.0, 3932.976969335952, 563.7227950579253, 0.0, 0.0, 1.0]
R: [1.0, 0.0, 0.0, 0.0, 1.0, 0.0, 0.0, 0.0, 1.0]
P: [3864.254150390625, 0.0, 1004.310339611111, 0.0, 0.0, 3903.09130859375, 563.2751044580364, 0.0, 0.0, 0.0, 1.0, 0.0]
binning_x: 0
binning_y: 0
roi: 
  x_offset: 0
  y_offset: 0
  height: 0
  width: 0
  do_rectify: False