header: 
  seq: 0
  stamp: 
    secs: 0
    nsecs:         0
  frame_id: ''
height: 1080
width: 1920
distortion_model: plumb_bob
D: [-0.17192487571263246, 0.02099532255013001, 0.00038520852715500585, 0.00011592771871446705, 0.0]
K: [791.7550494266849, 0.0, 959.5107700495245, 0.0, 791.6186693008268, 535.3192250561707, 0.0, 0.0, 1.0]
R: [1.0, 0.0, 0.0, 0.0, 1.0, 0.0, 0.0, 0.0, 1.0]
P: [522.6712036132812, 0.0, 960.0902456010954, 0.0, 0.0, 719.7362670898438, 534.4040976629149, 0.0, 0.0, 0.0, 1.0, 0.0]
binning_x: 0
binning_y: 0
roi: 
  x_offset: 0
  y_offset: 0
  height: 0
  width: 0
  do_rectify: False