header: 
  seq: 0
  stamp: 
    secs: 0
    nsecs:         0
  frame_id: ''
height: 1080
width: 1920
distortion_model: plumb_bob
D: [-0.3799058543708728, 0.15265788914772505, 4.7874529662547196e-05, -0.001393136772089965, 0.0]
K: [2026.095822851157, 0.0, 997.2488240620825, 0.0, 2017.5883193291922, 543.8743262574601, 0.0, 0.0, 1.0]
R: [1.0, 0.0, 0.0, 0.0, 1.0, 0.0, 0.0, 0.0, 1.0]
P: [1837.9674072265625, 0.0, 1001.972938285362, 0.0, 0.0, 1959.2669677734375, 543.6221424140967, 0.0, 0.0, 0.0, 1.0, 0.0]
binning_x: 0
binning_y: 0
roi: 
  x_offset: 0
  y_offset: 0
  height: 0
  width: 0
  do_rectify: False