header: 
  seq: 0
  stamp: 
    secs: 0
    nsecs:         0
  frame_id: ''
height: 1080
width: 1920
distortion_model: plumb_bob
D: [-0.35396156261493356, 0.11325324982662902, -0.001023574838245126, -0.0001940581940519949, 0.0]
K: [1376.9473265450733, 0.0, 982.0670397388461, 0.0, 1369.4817186583189, 557.6695300897075, 0.0, 0.0, 1.0]
R: [1.0, 0.0, 0.0, 0.0, 1.0, 0.0, 0.0, 0.0, 1.0]
P: [1094.4176025390625, 0.0, 992.220980101476, 0.0, 0.0, 1287.7332763671875, 558.6579323236401, 0.0, 0.0, 0.0, 1.0, 0.0]
binning_x: 0
binning_y: 0
roi: 
  x_offset: 0
  y_offset: 0
  height: 0
  width: 0
  do_rectify: False