header: 
  seq: 0
  stamp: 
    secs: 0
    nsecs:         0
  frame_id: ''
height: 1080
width: 1920
distortion_model: plumb_bob
D: [-0.12469720626451494, 0.008509225641475807, 0.0059850499990852755, -8.020875515108774e-05, 0.0]
K: [596.3941039006006, 0.0, 918.6025407462512, 0.0, 607.8680694884827, 552.1453056428104, 0.0, 0.0, 1.0]
R: [1.0, 0.0, 0.0, 0.0, 1.0, 0.0, 0.0, 0.0, 1.0]
P: [434.80157470703125, 0.0, 987.2927302716125, 0.0, 0.0, 532.952392578125, 570.4522914892295, 0.0, 0.0, 0.0, 1.0, 0.0]
binning_x: 0
binning_y: 0
roi: 
  x_offset: 0
  y_offset: 0
  height: 0
  width: 0
  do_rectify: False