header: 
  seq: 0
  stamp: 
    secs: 0
    nsecs:         0
  frame_id: ''
height: 1080
width: 1920
distortion_model: plumb_bob
D: [-0.168232893690651, 0.019794414001727684, 0.0003995688616780498, 9.105483482140759e-05, 0.0]
K: [794.8312711385803, 0.0, 948.0153478216479, 0.0, 795.795358620081, 542.9477731987663, 0.0, 0.0, 1.0]
R: [1.0, 0.0, 0.0, 0.0, 1.0, 0.0, 0.0, 0.0, 1.0]
P: [525.5659790039062, 0.0, 940.6829500164677, 0.0, 0.0, 725.9437255859375, 543.7172779488756, 0.0, 0.0, 0.0, 1.0, 0.0]
binning_x: 0
binning_y: 0
roi: 
  x_offset: 0
  y_offset: 0
  height: 0
  width: 0
  do_rectify: False