header: 
  seq: 0
  stamp: 
    secs: 0
    nsecs:         0
  frame_id: ''
height: 1080
width: 1920
distortion_model: plumb_bob
D: [-0.39074212612147435, 0.18110078558406165, -0.00010255677494513967, -0.00101727742563442, 0.0]
K: [2022.4729129800014, 0.0, 955.8001134796561, 0.0, 2012.823794753348, 540.1512693558619, 0.0, 0.0, 1.0]
R: [1.0, 0.0, 0.0, 0.0, 1.0, 0.0, 0.0, 0.0, 1.0]
P: [1832.3114013671875, 0.0, 952.3528046833235, 0.0, 0.0, 1953.113037109375, 539.6101750814632, 0.0, 0.0, 0.0, 1.0, 0.0]
binning_x: 0
binning_y: 0
roi: 
  x_offset: 0
  y_offset: 0
  height: 0
  width: 0
  do_rectify: False