header: 
  seq: 0
  stamp: 
    secs: 0
    nsecs:         0
  frame_id: ''
height: 1080
width: 1920
distortion_model: plumb_bob
D: [-0.17538575524184452, 0.022293357289458356, 0.0006113726885122336, -0.0003126569992746452, 0.0]
K: [781.1241209479138, 0.0, 966.2721691046991, 0.0, 780.121027833956, 549.9481932970201, 0.0, 0.0, 1.0]
R: [1.0, 0.0, 0.0, 0.0, 1.0, 0.0, 0.0, 0.0, 1.0]
P: [517.9747314453125, 0.0, 962.1455128659727, 0.0, 0.0, 705.1898803710938, 552.8477513903817, 0.0, 0.0, 0.0, 1.0, 0.0]
binning_x: 0
binning_y: 0
roi: 
  x_offset: 0
  y_offset: 0
  height: 0
  width: 0
  do_rectify: False