header: 
  seq: 0
  stamp: 
    secs: 0
    nsecs:         0
  frame_id: ''
height: 1080
width: 1920
distortion_model: plumb_bob
D: [-0.13304658854380289, 0.010135207249522958, 0.002369728690510206, 0.0017084172677561795, 0.0]
K: [578.1942537332161, 0.0, 961.9429074151503, 0.0, 586.6794978363639, 498.61762929048433, 0.0, 0.0, 1.0]
R: [1.0, 0.0, 0.0, 0.0, 1.0, 0.0, 0.0, 0.0, 1.0]
P: [441.2808532714844, 0.0, 942.3322010686898, 0.0, 0.0, 503.7212829589844, 488.03577769659387, 0.0, 0.0, 0.0, 1.0, 0.0]
binning_x: 0
binning_y: 0
roi: 
  x_offset: 0
  y_offset: 0
  height: 0
  width: 0
  do_rectify: False