header: 
  seq: 0
  stamp: 
    secs: 0
    nsecs:         0
  frame_id: ''
height: 1080
width: 1920
distortion_model: plumb_bob
D: [-0.3584456388813204, 0.11900772355930718, -0.0008114466518185219, -0.0002956178334316536, 0.0]
K: [1382.0798884577341, 0.0, 968.2089710171945, 0.0, 1376.3821447265093, 575.2022966819407, 0.0, 0.0, 1.0]
R: [1.0, 0.0, 0.0, 0.0, 1.0, 0.0, 0.0, 0.0, 1.0]
P: [1100.44091796875, 0.0, 970.484500164137, 0.0, 0.0, 1293.40234375, 578.6549148368649, 0.0, 0.0, 0.0, 1.0, 0.0]
binning_x: 0
binning_y: 0
roi: 
  x_offset: 0
  y_offset: 0
  height: 0
  width: 0
  do_rectify: False