('D = ', [-0.34391729722569586, -0.2662092593213588, -0.0011051939521990826, -0.001467540439687377, 0.0])
('K = ', [3954.350780522559, 0.0, 1003.7788593154949, 0.0, 3932.976969335952, 563.7227950579253, 0.0, 0.0, 1.0])
('R = ', [1.0, 0.0, 0.0, 0.0, 1.0, 0.0, 0.0, 0.0, 1.0])
('P = ', [3864.254150390625, 0.0, 1004.310339611111, 0.0, 0.0, 3903.09130859375, 563.2751044580364, 0.0, 0.0, 0.0, 1.0, 0.0])
None
# oST version 5.0 parameters


[image]

width
1920

height
1080

[narrow_stereo]

camera matrix
3954.350781 0.000000 1003.778859
0.000000 3932.976969 563.722795
0.000000 0.000000 1.000000

distortion
-0.343917 -0.266209 -0.001105 -0.001468 0.000000

rectification
1.000000 0.000000 0.000000
0.000000 1.000000 0.000000
0.000000 0.000000 1.000000

projection
3864.254150 0.000000 1004.310340 0.000000
0.000000 3903.091309 563.275104 0.000000
0.000000 0.000000 1.000000 0.000000




