('D = ', [-0.17192487571263246, 0.02099532255013001, 0.00038520852715500585, 0.00011592771871446705, 0.0])
('K = ', [791.7550494266849, 0.0, 959.5107700495245, 0.0, 791.6186693008268, 535.3192250561707, 0.0, 0.0, 1.0])
('R = ', [1.0, 0.0, 0.0, 0.0, 1.0, 0.0, 0.0, 0.0, 1.0])
('P = ', [522.6712036132812, 0.0, 960.0902456010954, 0.0, 0.0, 719.7362670898438, 534.4040976629149, 0.0, 0.0, 0.0, 1.0, 0.0])
None
# oST version 5.0 parameters


[image]

width
1920

height
1080

[narrow_stereo]

camera matrix
791.755049 0.000000 959.510770
0.000000 791.618669 535.319225
0.000000 0.000000 1.000000

distortion
-0.171925 0.020995 0.000385 0.000116 0.000000

rectification
1.000000 0.000000 0.000000
0.000000 1.000000 0.000000
0.000000 0.000000 1.000000

projection
522.671204 0.000000 960.090246 0.000000
0.000000 719.736267 534.404098 0.000000
0.000000 0.000000 1.000000 0.000000




