('D = ', [-0.3799058543708728, 0.15265788914772505, 4.7874529662547196e-05, -0.001393136772089965, 0.0])
('K = ', [2026.095822851157, 0.0, 997.2488240620825, 0.0, 2017.5883193291922, 543.8743262574601, 0.0, 0.0, 1.0])
('R = ', [1.0, 0.0, 0.0, 0.0, 1.0, 0.0, 0.0, 0.0, 1.0])
('P = ', [1837.9674072265625, 0.0, 1001.972938285362, 0.0, 0.0, 1959.2669677734375, 543.6221424140967, 0.0, 0.0, 0.0, 1.0, 0.0])
None
# oST version 5.0 parameters


[image]

width
1920

height
1080

[narrow_stereo]

camera matrix
2026.095823 0.000000 997.248824
0.000000 2017.588319 543.874326
0.000000 0.000000 1.000000

distortion
-0.379906 0.152658 0.000048 -0.001393 0.000000

rectification
1.000000 0.000000 0.000000
0.000000 1.000000 0.000000
0.000000 0.000000 1.000000

projection
1837.967407 0.000000 1001.972938 0.000000
0.000000 1959.266968 543.622142 0.000000
0.000000 0.000000 1.000000 0.000000




