('D = ', [-0.35396156261493356, 0.11325324982662902, -0.001023574838245126, -0.0001940581940519949, 0.0])
('K = ', [1376.9473265450733, 0.0, 982.0670397388461, 0.0, 1369.4817186583189, 557.6695300897075, 0.0, 0.0, 1.0])
('R = ', [1.0, 0.0, 0.0, 0.0, 1.0, 0.0, 0.0, 0.0, 1.0])
('P = ', [1094.4176025390625, 0.0, 992.220980101476, 0.0, 0.0, 1287.7332763671875, 558.6579323236401, 0.0, 0.0, 0.0, 1.0, 0.0])
None
# oST version 5.0 parameters


[image]

width
1920

height
1080

[narrow_stereo]

camera matrix
1376.947327 0.000000 982.067040
0.000000 1369.481719 557.669530
0.000000 0.000000 1.000000

distortion
-0.353962 0.113253 -0.001024 -0.000194 0.000000

rectification
1.000000 0.000000 0.000000
0.000000 1.000000 0.000000
0.000000 0.000000 1.000000

projection
1094.417603 0.000000 992.220980 0.000000
0.000000 1287.733276 558.657932 0.000000
0.000000 0.000000 1.000000 0.000000




