('D = ', [-0.12469720626451494, 0.008509225641475807, 0.0059850499990852755, -8.020875515108774e-05, 0.0])
('K = ', [596.3941039006006, 0.0, 918.6025407462512, 0.0, 607.8680694884827, 552.1453056428104, 0.0, 0.0, 1.0])
('R = ', [1.0, 0.0, 0.0, 0.0, 1.0, 0.0, 0.0, 0.0, 1.0])
('P = ', [434.80157470703125, 0.0, 987.2927302716125, 0.0, 0.0, 532.952392578125, 570.4522914892295, 0.0, 0.0, 0.0, 1.0, 0.0])
None
# oST version 5.0 parameters


[image]

width
1920

height
1080

[narrow_stereo]

camera matrix
596.394104 0.000000 918.602541
0.000000 607.868069 552.145306
0.000000 0.000000 1.000000

distortion
-0.124697 0.008509 0.005985 -0.000080 0.000000

rectification
1.000000 0.000000 0.000000
0.000000 1.000000 0.000000
0.000000 0.000000 1.000000

projection
434.801575 0.000000 987.292730 0.000000
0.000000 532.952393 570.452291 0.000000
0.000000 0.000000 1.000000 0.000000




