('D = ', [-0.168232893690651, 0.019794414001727684, 0.0003995688616780498, 9.105483482140759e-05, 0.0])
('K = ', [794.8312711385803, 0.0, 948.0153478216479, 0.0, 795.795358620081, 542.9477731987663, 0.0, 0.0, 1.0])
('R = ', [1.0, 0.0, 0.0, 0.0, 1.0, 0.0, 0.0, 0.0, 1.0])
('P = ', [525.5659790039062, 0.0, 940.6829500164677, 0.0, 0.0, 725.9437255859375, 543.7172779488756, 0.0, 0.0, 0.0, 1.0, 0.0])
None
# oST version 5.0 parameters


[image]

width
1920

height
1080

[narrow_stereo]

camera matrix
794.831271 0.000000 948.015348
0.000000 795.795359 542.947773
0.000000 0.000000 1.000000

distortion
-0.168233 0.019794 0.000400 0.000091 0.000000

rectification
1.000000 0.000000 0.000000
0.000000 1.000000 0.000000
0.000000 0.000000 1.000000

projection
525.565979 0.000000 940.682950 0.000000
0.000000 725.943726 543.717278 0.000000
0.000000 0.000000 1.000000 0.000000




