('D = ', [-0.39074212612147435, 0.18110078558406165, -0.00010255677494513967, -0.00101727742563442, 0.0])
('K = ', [2022.4729129800014, 0.0, 955.8001134796561, 0.0, 2012.823794753348, 540.1512693558619, 0.0, 0.0, 1.0])
('R = ', [1.0, 0.0, 0.0, 0.0, 1.0, 0.0, 0.0, 0.0, 1.0])
('P = ', [1832.3114013671875, 0.0, 952.3528046833235, 0.0, 0.0, 1953.113037109375, 539.6101750814632, 0.0, 0.0, 0.0, 1.0, 0.0])
None
# oST version 5.0 parameters


[image]

width
1920

height
1080

[narrow_stereo]

camera matrix
2022.472913 0.000000 955.800113
0.000000 2012.823795 540.151269
0.000000 0.000000 1.000000

distortion
-0.390742 0.181101 -0.000103 -0.001017 0.000000

rectification
1.000000 0.000000 0.000000
0.000000 1.000000 0.000000
0.000000 0.000000 1.000000

projection
1832.311401 0.000000 952.352805 0.000000
0.000000 1953.113037 539.610175 0.000000
0.000000 0.000000 1.000000 0.000000




