('D = ', [-0.17538575524184452, 0.022293357289458356, 0.0006113726885122336, -0.0003126569992746452, 0.0])
('K = ', [781.1241209479138, 0.0, 966.2721691046991, 0.0, 780.121027833956, 549.9481932970201, 0.0, 0.0, 1.0])
('R = ', [1.0, 0.0, 0.0, 0.0, 1.0, 0.0, 0.0, 0.0, 1.0])
('P = ', [517.9747314453125, 0.0, 962.1455128659727, 0.0, 0.0, 705.1898803710938, 552.8477513903817, 0.0, 0.0, 0.0, 1.0, 0.0])
None
# oST version 5.0 parameters


[image]

width
1920

height
1080

[narrow_stereo]

camera matrix
781.124121 0.000000 966.272169
0.000000 780.121028 549.948193
0.000000 0.000000 1.000000

distortion
-0.175386 0.022293 0.000611 -0.000313 0.000000

rectification
1.000000 0.000000 0.000000
0.000000 1.000000 0.000000
0.000000 0.000000 1.000000

projection
517.974731 0.000000 962.145513 0.000000
0.000000 705.189880 552.847751 0.000000
0.000000 0.000000 1.000000 0.000000




