('D = ', [-0.13304658854380289, 0.010135207249522958, 0.002369728690510206, 0.0017084172677561795, 0.0])
('K = ', [578.1942537332161, 0.0, 961.9429074151503, 0.0, 586.6794978363639, 498.61762929048433, 0.0, 0.0, 1.0])
('R = ', [1.0, 0.0, 0.0, 0.0, 1.0, 0.0, 0.0, 0.0, 1.0])
('P = ', [441.2808532714844, 0.0, 942.3322010686898, 0.0, 0.0, 503.7212829589844, 488.03577769659387, 0.0, 0.0, 0.0, 1.0, 0.0])
None
# oST version 5.0 parameters


[image]

width
1920

height
1080

[narrow_stereo]

camera matrix
578.194254 0.000000 961.942907
0.000000 586.679498 498.617629
0.000000 0.000000 1.000000

distortion
-0.133047 0.010135 0.002370 0.001708 0.000000

rectification
1.000000 0.000000 0.000000
0.000000 1.000000 0.000000
0.000000 0.000000 1.000000

projection
441.280853 0.000000 942.332201 0.000000
0.000000 503.721283 488.035778 0.000000
0.000000 0.000000 1.000000 0.000000




