('D = ', [-0.3584456388813204, 0.11900772355930718, -0.0008114466518185219, -0.0002956178334316536, 0.0])
('K = ', [1382.0798884577341, 0.0, 968.2089710171945, 0.0, 1376.3821447265093, 575.2022966819407, 0.0, 0.0, 1.0])
('R = ', [1.0, 0.0, 0.0, 0.0, 1.0, 0.0, 0.0, 0.0, 1.0])
('P = ', [1100.44091796875, 0.0, 970.484500164137, 0.0, 0.0, 1293.40234375, 578.6549148368649, 0.0, 0.0, 0.0, 1.0, 0.0])
None
# oST version 5.0 parameters


[image]

width
1920

height
1080

[narrow_stereo]

camera matrix
1382.079888 0.000000 968.208971
0.000000 1376.382145 575.202297
0.000000 0.000000 1.000000

distortion
-0.358446 0.119008 -0.000811 -0.000296 0.000000

rectification
1.000000 0.000000 0.000000
0.000000 1.000000 0.000000
0.000000 0.000000 1.000000

projection
1100.440918 0.000000 970.484500 0.000000
0.000000 1293.402344 578.654915 0.000000
0.000000 0.000000 1.000000 0.000000




